3
3
4 5 6 7 
8 9 
4 10 11 12 13 14 
10 10 15 
5 13 16 
17 17 
18 19 7 20 
21 22 23 24 25 26 4 27 28 13 20 
29 7 24 30 5 12 20 
31 24 5 12 32 4 33 27 34 35 36 20 
37 24 12 38 39 40 4 41 42 36 24 12 43 5 32 44 4 27 45 20 
4 29 46 30 32 12 27 47 48 13 16 
21 49 24 4 50 27 51 24 52 36 12 24 53 54 55 20 
4 32 56 
57 58 59 60 58 27 61 
57 58 62 63 64 40 65 24 66 60 58 18 40 32 67 20 
68 69 70 71 27 72 24 73 74 75 76 24 77 5 78 27 79 20 68 24 5 80 81 26 82 27 83 24 84 85 86 4 87 5 88 24 77 31 80 89 75 90 24 31 80 91 92 93 94 95 96 20 
97 5 98 99 24 5 98 78 27 100 20 101 5 99 24 102 80 103 20 97 27 64 104 105 103 27 106 16 106 107 70 24 97 27 64 108 80 109 27 110 20 
26 7 24 111 36 
4 112 26 113 114 24 81 115 116 117 
118 119 
118 119 
118 119 
