3 3 3 3
3
4 5 6 
7 5 4 8 9 10 
7 11 12 13 14 
7 5 15 16 
7 17 18 10 
7 19 20 
7 19 20 
7 5 18 10 
7 19 21 20 
7 22 23 
7 22 24 
25 
26 27 
26 28 29 
26 30 
26 31 32 33 
26 
34 35 36 
7 4 37 38 
7 4 37 39 
7 4 37 40 29 
7 4 37 29 
4 5 26 
4 5 41 26 
4 5 41 26 
4 5 42 
26 43 44 45 
7 10 46 5 4 
7 47 48 10 49 5 4 
7 10 50 5 4 
7 10 51 5 4 
52 53 4 54 10 55 
7 56 57 43 4 58 
7 5 59 10 26 
7 60 61 4 62 63 64 
7 60 61 4 65 10 36 63 64 
7 5 4 65 10 66 
59 10 36 
59 10 67 
68 69 7 29 
68 70 29 
71 61 66 63 5 72 10 
5 73 74 7 5 15 75 
7 40 29 
7 40 29 
7 76 77 45 
7 60 78 
7 60 79 
7 60 29 45 
7 76 80 45 
7 60 81 
7 60 82 
7 76 83 
7 43 4 84 
7 43 4 85 
7 40 29 
7 10 86 5 4 
7 10 87 5 88 
7 89 22 90 
7 10 91 5 4 
7 43 92 
93 5 7 10 94 
93 5 7 95 
7 96 
7 97 98 10 99 
100 101 102 45 103 
102 
102 45 103 
7 104 105 106 45 103 
7 47 48 4 107 103 
7 5 93 103 
68 61 108 109 110 111 
112 5 15 113 111 
114 115 116 111 
7 5 15 117 45 103 
118 5 4 119 103 
68 120 121 45 103 
122 123 7 15 124 45 103 
7 48 4 125 103 
7 10 50 5 4 126 
68 127 7 15 128 101 7 70 56 129 130 
4 5 131 
7 132 126 
7 133 
7 5 134 
7 135 136 137 
7 138 
7 135 136 139 
7 40 140 10 
7 28 74 141 
7 22 142 143 
7 22 144 
7 145 
7 43 131 
146 147 7 
146 147 7 137 
148 
7 10 149 5 4 
7 10 150 5 4 
4 147 7 137 
4 147 7 31 140 
4 147 7 151 106 
7 152 4 
7 153 4 
68 43 154 
68 155 156 
157 
97 158 
68 97 60 159 7 
160 152 
31 33 
7 161 45 
7 142 154 
7 142 162 
7 40 151 106 45 
7 40 163 
7 40 145 164 
7 158 106 
7 165 166 
7 40 167 168 
7 151 106 
31 71 17 
127 68 169 
127 68 7 10 170 
7 155 171 
142 
7 43 172 142 
7 173 106 
7 174 
7 155 164 
7 155 175 
7 176 
7 137 45 
7 177 45 
178 
7 179 180 181 126 
89 22 7 90 
7 48 182 15 183 
7 98 184 
127 68 184 
184 
184 
184 
19 127 184 166 
102 
185 
186 187 
102 
185 101 188 189 103 
185 101 188 189 103 
185 101 188 189 103 
185 101 188 189 103 
185 101 188 189 103 
185 101 188 189 103 
102 45 103 
102 45 103 
102 45 103 
155 176 190 7 111 
7 191 45 103 
7 191 45 103 
185 101 155 176 190 7 111 
155 176 192 7 111 
100 187 
100 187 
97 106 103 
97 106 103 
97 106 103 
97 106 103 
97 106 103 
127 68 193 194 195 
7 98 194 195 
4 5 196 
59 10 196 
7 197 196 198 
199 200 
93 201 106 202 
93 201 106 203 
204 
204 
204 
204 
204 
204 
204 
204 
204 
204 
204 
204 
204 
204 
204 
204 
204 
204 
204 
204 
204 
204 
204 
204 
204 
204 
204 
204 
204 
204 
204 
204 
204 
204 
204 
204 
204 
204 
204 
204 
204 
204 
204 
204 
204 
204 
204 
127 68 205 206 
7 98 4 206 
27 10 206 
207 10 206 
4 5 208 
4 5 209 
4 5 209 40 
4 5 210 
4 5 209 40 
5 93 211 10 210 
93 5 212 213 214 215 
93 5 216 
93 5 209 
93 5 217 218 
7 219 220 
221 7 222 223 224 
7 225 226 227 228 
43 7 222 106 229 107 
7 219 230 
231 232 233 234 
4 5 235 236 237 
238 232 239 
240 241 
242 
108 243 10 26 244 
245 232 246 
7 89 48 247 248 
89 5 249 250 10 119 
251 252 
253 232 254 
255 
256 257 
5 93 211 10 258 
5 93 211 10 259 
5 93 211 10 223 224 
7 43 260 45 126 
261 
261 
261 
261 
261 
261 
261 
261 
262 
4 5 263 
4 5 264 
4 5 261 
4 5 261 
4 5 261 
4 5 7 47 48 10 265 
4 5 7 47 48 10 265 
4 5 266 
4 5 266 
4 5 266 
68 267 268 106 
264 
7 269 88 
7 269 88 
7 269 88 
7 270 88 264 
7 43 88 264 
88 264 
88 264 
271 272 
93 5 273 274 10 275 
7 11 12 13 276 
7 11 12 13 277 
7 278 279 280 281 
282 283 
284 285 108 
4 5 282 
4 5 285 
4 5 286 10 
4 5 287 
34 4 276 288 
68 289 106 290 
5 291 7 10 292 
276 5 293 10 
276 5 139 10 
276 5 294 
5 276 295 
5 276 
93 5 296 
93 5 297 
298 
299 300 301 276 
7 145 276 
7 98 276 
7 219 10 302 
4 5 303 
4 5 304 305 306 
4 5 303 
4 5 307 
4 5 308 
68 31 48 309 
68 31 48 309 
7 48 309 
89 309 
93 5 310 308 311 
93 5 312 
93 5 312 
309 
147 68 123 7 15 124 
7 5 313 10 
7 5 314 
7 315 
7 315 
7 5 316 
7 5 109 317 
7 5 109 318 
7 5 319 320 
7 5 321 
7 155 322 
7 5 323 
7 5 324 
7 5 325 
7 5 326 10 
7 327 328 
7 5 329 
7 5 330 
7 5 330 
7 5 47 331 10 
7 151 106 
7 5 332 
7 5 333 
7 5 19 334 
7 5 335 
7 5 19 69 
7 17 336 10 
7 337 61 338 
7 337 339 340 
7 5 31 341 
7 337 15 139 
7 337 342 
7 5 31 343 
7 5 31 344 
7 5 31 345 
7 5 31 345 
7 5 346 10 
7 5 347 
7 5 348 10 
7 5 349 350 
7 5 349 
7 5 31 351 
7 5 352 
7 353 
7 5 354 
7 5 19 355 
7 5 19 355 
7 5 356 
357 5 19 358 10 
7 5 15 359 
7 5 109 360 
7 5 109 361 
7 5 15 362 
7 5 15 363 
7 5 15 331 10 364 
7 5 15 365 10 366 
7 5 15 367 368 
7 5 15 367 369 
7 5 15 367 370 
7 5 15 367 371 
7 5 15 372 10 373 
7 5 109 361 
7 5 15 374 
7 5 109 317 
7 5 15 375 
7 5 376 10 
7 5 377 
7 5 378 
7 5 379 
7 380 
7 5 375 
7 381 382 
383 384 385 71 
7 386 
7 387 15 388 
7 387 389 390 391 46 
7 392 76 393 
7 147 68 145 68 
7 147 68 151 106 
7 147 68 158 
7 335 
7 394 389 13 
7 395 396 
7 397 398 
7 28 167 399 
7 28 400 389 401 10 
7 28 402 
7 28 403 389 401 
7 404 
7 405 406 13 109 235 
7 407 130 
7 408 391 409 
7 147 68 151 106 
4 5 410 411 
4 412 99 413 414 
4 5 415 
4 5 410 
4 5 416 
4 5 417 
4 5 418 419 420 10 87 
4 5 421 
4 5 422 423 
4 5 424 
4 5 425 
4 5 426 
4 5 427 
4 5 427 
4 5 415 
4 5 428 
4 5 429 
4 5 429 
430 5 61 431 10 415 
432 433 
433 5 432 
434 433 
434 433 
7 98 416 
7 98 410 
416 
431 415 
127 68 193 424 
127 68 193 424 
435 436 437 
438 7 5 439 440 441 441 442 
4 5 443 
4 444 
4 5 437 
4 5 444 
68 131 437 
68 445 
68 446 447 
4 5 448 
68 446 449 
7 445 45 
7 450 
7 98 451 
48 443 
7 5 15 444 
93 5 47 452 10 437 453 
93 5 454 10 444 455 
127 68 193 437 
93 5 194 456 457 458 311 103 
459 311 460 461 462 103 
463 464 5 465 466 467 468 469 101 61 470 471 472 172 10 473 474 63 10 475 103 
476 477 478 10 479 5 4 103 
15 480 481 101 61 71 10 482 483 101 31 484 485 56 480 10 486 101 71 487 4 103 
488 463 489 101 490 491 492 493 494 495 496 101 71 5 497 4 194 498 499 10 103 
500 501 188 10 502 503 487 4 103 
504 505 5 506 507 10 508 103 
509 510 101 5 4 511 10 512 10 513 103 
514 515 10 516 142 101 517 490 518 101 497 519 520 10 521 10 91 56 522 111 71 5 4 
